1.74232488929,3.6226848023,0.769444444444,0.0378743513078,0.8603125,1.89000462963,2.97655160675,0.687690972222,0.0468414636495,0.830260416667,1
2.72179680556,10.1066924024,0.552743055556,0.0419428121442,0.819201388889,1.51183040577,2.75840093954,0.657517361111,0.0492879034642,0.736354166667,1
4.15848778488,3.81045321133,0.606612569061,0.000420840260797,0.730214088398,1.41538978713,2.44003942219,0.645562845304,0.00103389680657,0.736912983425,1
1.39633850164,7.01699930329,0.575434027778,0.000686408892842,0.830989583333,1.40830493712,1.95964369454,0.641961805556,0.00115221921668,0.7728125,1
0.263564882898,6.63592608811,0.599861111111,0.0398999634427,0.689201388889,1.03462969771,2.61901543745,0.515920138889,0.049074490407,0.586892361111,1
2.38566453313,10.7222212003,0.67359375,0.0552959557408,0.8603125,6.43509783497,7.29556024347,0.7271875,0.0749738834893,0.808402777778,1
4.46481839725,4.47934328255,0.767817679558,0.0142562819024,0.560721685083,1.10419754089,1.56421947232,0.646046270718,0.0263452842185,0.782924723757,1
2.13620557432,7.86006023609,0.696979166667,0.0159647891422,0.640850694444,1.17884604474,1.70542643978,0.746111111111,0.0280953783445,0.720868055556,1
1.22103197388,4.0147565037,0.668224299065,0.15887490446,0.598805815161,0.972088652699,2.45799366941,0.548476981655,0.153897762025,0.610816891658,2
1.55529785054,2.52565675076,0.728331602631,0.0767336888456,0.632364139841,3.88273837884,5.86877991612,0.690654205607,0.0972611560513,0.666216683974,1
3.06234778961,8.00905447538,0.786389218774,0.00482645174694,0.711450749557,0.370192744143,0.330649176674,0.748816715719,0.00674229560206,0.652088604327,2
1.96589410594,6.56127523941,0.745067497404,0.00294551339603,0.726272066459,2.0343576885,8.02813721082,0.783766009,0.00343149717905,0.665524402908,2
13.0185471814,10.2847073931,0.693350694444,0.0531116420285,0.7084375,1.92489987152,2.80092931023,0.705277777778,0.0555242941621,0.718055555556,0
17.1898779276,20.4062166633,0.676770833333,0.0606502597535,0.691927083333,1.26481753813,3.35660155651,0.724861111111,0.0636426864275,0.746857638889,0
5.24743791301,8.4378881328,0.669924033149,0.0565769908708,0.669975828729,1.80753121276,4.76427937493,0.629989640884,0.0743359878189,0.66388121547,1
1.5197552093,10.2698111075,0.672777777778,0.0324822581836,0.766302083333,1.18688909314,2.20626521303,0.668611111111,0.0372514254958,0.755538194444,1
64.0613802645,28.8703381488,3.23778833107,0.122448880151,2.85956580733,69.6953574374,32.6320966378,2.8921302578,0.156841914221,3.15841248304,1
52.8582036342,23.3802995057,2.88636363636,0.0836771646039,2.65298507463,71.3943996595,27.6682082087,2.97320217096,0.143821962113,3.19810040706,1
41.1189174449,15.4532671099,3.04104477612,0.0636978823553,2.66112618725,64.0230611648,25.4214755101,3.19640434193,0.111688294614,3.10244233379,1
28.019224732,12.0500235902,3.08175033921,0.0439458513791,3.26526458616,57.2837563519,17.6998033694,2.74219810041,0.0804189190393,2.75712347354,1
59.6781693945,30.4025569043,3.02238292011,0.835164602034,3.08746556474,57.7169961649,30.1440740305,2.85192837466,0.777005841385,2.82988980716,2
59.5020012964,25.104560309,3.11225895317,0.324430485625,2.85812672176,60.0692864474,25.5648783419,3.09986225895,0.346048698398,2.58712121212,2
31.0391373629,13.5154304645,2.69490358127,0.530859637368,3.03753443526,50.5326716361,20.8256699947,2.75309917355,0.599480876944,2.41046831956,1
50.0565575542,26.0354712846,2.64152892562,0.585790017793,2.56129476584,76.9728028953,33.266867262,2.89772727273,0.739060875471,2.95282369146,1
58.7897757203,35.9564814942,2.59972862958,0.804108645262,3.31512890095,54.9244659058,34.1684787754,3.06139755767,0.727741883218,2.97930800543,2
69.6395083406,30.3644876558,2.77408412483,0.336858625625,3.20963364993,67.181038657,29.3363074501,2.67096336499,0.339690455082,3.05902306649,2
39.070263655,22.2187957467,2.97829036635,0.591237063896,2.55766621438,54.0524622875,29.2309517476,2.78459972863,0.68894749825,2.59497964722,2
53.9576781866,27.2597840607,2.88466757123,0.41995719593,3.07089552239,81.8305172001,36.0047863245,2.75203527815,0.531779616336,2.70590230665,1
62.443562934,22.7739189078,3.0868385346,0.110186275975,3.12415196744,67.1354883337,25.7103729911,2.70420624152,0.133509398452,2.50610583446,2
60.0975935829,26.7936885512,3.03358208955,0.0861809322379,2.7723880597,71.80947269,30.4725904987,3.04308005427,0.158361318246,2.91044776119,1
46.0432596376,19.4123689624,2.73473541384,0.0566752398951,3.09260515604,67.8659124165,24.5922760533,2.98236092266,0.107755226093,3.36397557666,1
32.8419400325,8.42617793224,2.68147896879,0.0855522135746,2.71777476255,62.7347247719,18.6489050573,2.55902306649,0.132147602319,3.02137042062,1
4.97112406767,7.0732717803,4.23863636364,0.0627669024906,5.45359848485,8.03584297193,8.22975218895,3.57954545455,0.0600008347942,5.53598484848,2
46.2262626263,30.8169240956,3.46401515152,1.08508250084,3.99053030303,25.6789289958,23.6367162191,3.70643939394,0.849273986502,4.04261363636,2
46.913822044,37.2467809767,3.73390151515,3.21761531624,3.44696969697,28.5497140523,32.6588495247,3.97916666667,2.84180113372,4.1875,0
8.33575460487,5.53114230541,2.77840909091,1.19238533971,3.80776515152,4.44181149733,5.56051693405,2.33901515152,1.11376153437,4.11268939394,0
6.81276522339,5.70342130987,4.50928641251,0.584446882911,4.34995112414,8.6825254442,6.46080023556,2.94916911046,0.589288790284,4.38123167155,2
40.7062043586,22.4495753566,4.119257087,1.00591363528,2.9100684262,13.2698828896,14.7552586105,4.1945259042,0.692651054529,3.8054740958,0
53.4340904299,31.4452485921,3.2082111437,1.90202247374,3.93255131965,30.3664922469,24.0868456865,3.72336265885,1.53045577701,4.53274682307,0
4.17482222606,1.62056421318,1.84164222874,0.291904374329,2.46138807429,3.0761121653,1.56193832182,1.84164222874,0.341873363329,1.91397849462,2
14.1158905229,11.3546814048,3.71590909091,1.06980524345,3.15340909091,31.70670306,15.9408698288,3.44318181818,1.12483738904,3.96875,1
20.6461489899,11.5948824056,3.21022727273,0.364097639585,3.83617424242,25.9553661616,14.8447547362,3.9678030303,0.376160067091,3.6884469697,1
28.1661764706,17.7039840893,3.59659090909,1.07265839881,3.5303030303,36.2978721034,19.0971878201,4.47537878788,1.0671185663,3.87784090909,1
1.31946603903,1.49852732286,1.01893939394,0.00536377622292,1.5615530303,2.16337455975,4.35110834106,0.91571969697,0.00457563346398,1.34753787879,2
10.3874108734,15.0091923104,3.80681818182,1.10736220026,3.99621212121,37.2347704991,15.9749499354,4.07102272727,1.22840972594,4.16761363636,1
10.2610851159,11.9414508443,3.72537878788,0.226266870038,3.83712121212,32.1281231432,13.5303884433,3.65909090909,0.342969784491,3.33143939394,1
14.7248663102,13.9668804493,3.26136363636,0.278008691317,2.59848484848,35.4754456328,15.0076229932,3.5928030303,0.358548601784,3.90435606061,1
4.20363933452,2.69952094474,2.69696969697,0.132932090658,3.41856060606,7.86732397504,2.9388963161,3.37310606061,0.14175213185,4.40151515152,2
4.58154336735,6.01404023159,2.73,0.01148515625,3.966875,5.46082145876,5.64158076923,2.785,0.0182743398437,4.138125,2
5.29557020682,6.03626682692,1.769375,0.00541141967773,2.503125,5.90202300067,6.63041811343,1.991875,0.00532621069336,2.76875,2
2.89109030126,11.7835092,4.155625,0.107195595459,3.68,8.26330882353,6.86495965643,3.5125,0.152544294678,2.665625,2
5.07112157965,8.36478061224,3.276875,0.0995095095215,4.765625,6.49484156427,9.2674983327,4.705625,0.109336482178,3.208125,2
9.40443137255,8.34418697582,2.508125,0.211956003662,3.043125,1.45631617647,7.01556725918,3.46375,0.112512964844,3.1875,2
21.3991151961,15.562428002,3.21625,1.36502807593,3.195625,4.63980882353,12.9482916667,3.376875,0.97829905249,3.114375,2
6.1269877451,4.58792892157,3.44375,0.387165251709,3.8175,4.59496813725,5.12319795955,3.115,0.307954452148,3.0325,0
4.38072740522,9.1129737854,3.019375,0.124130140625,4.82125,6.18549107143,7.05915912829,4.31125,0.151455898193,4.605625,2
21.0244877451,14.116865189,3.821875,0.700505444336,3.34,7.01837990196,9.1142162963,2.750625,0.453602420898,3.23,0
26.5473137255,19.2354188492,3.294375,2.36102773437,3.29375,6.10469852941,15.2910915648,3.86875,2.1008458584,3.283125,0
14.2680931373,18.2579634601,3.2875,0.649809683594,3.453125,3.84987009804,11.0757299113,3.280625,0.528961845459,3.67125,0
3.75971781413,6.42597252155,2.27625,0.0598121523437,3.58375,6.08990131807,6.14693483562,3.525,0.0750469130859,4.88,2
7.32162745098,5.58353921569,2.77,0.187732079834,3.888125,2.57516176471,3.550720576,2.970625,0.102120953125,3.72,2
19.1702303922,20.2042535663,3.165625,1.29597014429,3.698125,5.49438819177,15.8764496263,3.19625,1.11123812866,3.45,2
5.90277982168,13.5584132231,2.6325,0.0562915134277,4.48625,7.32097479424,26.212427406,1.8225,0.0529032907715,3.60375,2
5.99147316262,8.54741344785,2.42125,0.0275833115234,3.4925,5.43090285882,8.2974609375,3.8275,0.0410338806152,4.59375,2
2.39681959763,5.81648728908,0.505026041667,0.0562230368266,0.470924479167,3.29053829657,6.46205314054,0.539739583333,0.0545824479558,0.554635416667,1
1.10057051675,3.43790706699,0.471028645833,0.0713695976496,0.507604166667,4.05137045547,6.25833756204,0.458502604167,0.0704181828761,0.5075390625,1
0.599092013889,2.07208600095,0.339114583333,0.0492235828487,0.3524609375,1.78580708742,2.49432184558,0.344010416667,0.0478055988781,0.330416666667,1
1.23052711397,3.94292568588,0.345924479167,0.0647634872833,0.356666666667,3.01482107843,5.18290897708,0.321171875,0.063753070743,0.3618359375,1
1.80482398897,6.00242769631,0.545,0.0257230241484,0.514466145833,5.25525097018,9.60786657177,0.5181640625,0.0272332197505,0.5208203125,1
1.2913277165,4.27903839869,0.530690104167,0.0454749986386,0.543346354167,4.56374770221,7.67002165058,0.505169270833,0.0467825089507,0.552942708333,1
1.53962428513,5.13204370952,0.53046875,0.0526467567507,0.539348958333,3.83482235498,6.92980678824,0.557044270833,0.0529617300448,0.544453125,1
1.8137518893,6.89745530136,0.487890625,0.145180612909,0.493359375,4.76670996732,8.23445645052,0.489635416667,0.142771210357,0.472408854167,1
2.14393755106,4.31145720795,0.540182291667,0.00360536864943,0.527786458333,2.17374978864,7.75959264967,0.525416666667,0.00273676886868,0.523841145833,0
4.78211228554,6.17386125797,0.57078125,0.0124064961526,0.51859375,2.63178940717,5.39836609425,0.544440104167,0.0098635798717,0.540364583333,0
1.91628145425,2.64906871992,0.539375,0.0627525555235,0.526015625,1.27506035887,2.96801152158,0.534231770833,0.058904181487,0.558619791667,0
1.1621039878,3.11872209821,0.281158854167,1.33242097077e-05,0.345872395833,0.98425072564,4.28735351563,0.287578125,1.32788382283e-05,0.354713541667,2
1.41249091095,2.19865273083,0.5695703125,0.0131158928485,0.505885416667,1.50696526974,2.96083330692,0.561705729167,0.0124931083732,0.562200520833,0
0.637546006944,2.42803699325,0.441497395833,0.0310562468005,0.603033854167,0.606981344784,3.68497479072,0.302473958333,0.0301971306995,0.4970703125,0
0.355059538399,1.13293199396,0.252565104167,0.0131046273768,0.282760416667,0.441824954115,1.51730226436,0.25625,0.0127134566408,0.314049479167,2
0.0807072099673,0.209274818157,0.314088541667,2.53668008027e-05,0.388098958333,0.0450981413399,0.887901763511,0.28734375,1.84677883232e-05,0.357604166667,2
1.68034313725,2.28257858245,2.03571428571,0.0230758928571,2.43392857143,4.07697313619,14.7118458455,0.944196428571,0.0289482022388,1.92410714286,2
29.1897400424,15.4616451304,2.53135888502,0.244061556161,3.07534843206,2.57436682181,8.11150777536,2.91071428571,0.0376809088132,4.75130662021,0
28.9327661064,24.6450801539,3.48303571429,0.698505303831,3.2125,2.43139582485,14.549265497,3.33258928571,0.346069205593,3.30758928571,0
0.671555256594,0.712378615756,0.664198606272,0.00119736902051,0.840156794425,3.00526513824,4.07044860627,0.284407665505,0.000428650236001,0.369773519164,2
7.42016080539,5.23772580283,1.73883928571,0.448664557543,2.62455357143,5.05049719888,19.7635696309,1.11473214286,0.614500776908,2.35892857143,2
23.2672712988,9.16024846134,2.77787456446,0.541872978679,3.5043554007,6.26640363462,4.96647782589,2.58405923345,0.585180493652,3.69512195122,2
28.9083088235,21.4253411268,3.540625,0.737847277494,2.98125,5.91859593838,6.35881477591,2.95446428571,0.464750331601,3.36383928571,0
9.25267131243,4.06034137554,2.07839721254,0.0611419822364,2.29486062718,2.92007084785,6.82290397371,0.788763066202,0.0418642256029,1.43423344948,2
4.77903027862,16.8719527441,1.33728070175,0.0109974810063,2.49254385965,39.0902872377,20.6567816926,2.31842105263,0.249860928531,2.55789473684,1
5.04585394301,6.82768835786,0.838682071031,0.00582494238841,1.68249893025,1.92737295175,7.24896670066,1.74197689345,0.00525676940358,1.76166024818,2
4.18504815961,18.3018986121,3.51403508772,1.7597558358,4.34254385965,30.6588390093,25.3215808635,2.91622807018,2.20719258119,3.41535087719,1
7.13420423368,6.10707208001,0.961061189559,0.100577512661,1.00256739409,1.89140925031,16.028863722,0.474540008558,0.0421604757633,0.840393667095,2
4.81894826525,20.1954910714,1.67946428571,0.0138550330515,3.2625,47.5563340336,22.5964500655,2.76875,0.308226300565,2.54866071429,1
3.1228194641,3.43164618163,0.915069686411,0.004038257832,1.67290940767,2.55590968095,7.11531978169,1.94817073171,0.00816991111385,2.23475609756,2
6.45986201299,25.2103415112,3.86383928571,1.88541820568,4.46294642857,34.9701453081,27.5841158658,3.49732142857,2.34688066924,3.1,1
4.33375542573,5.47230325959,0.27831010453,0.00039406491008,0.594076655052,2.72883851182,13.7841173055,0.168118466899,0.00016048077693,0.216898954704,2
1.08358713097,1.12035680157,0.5753125,0.0837560207361,0.512604166667,0.771221948527,0.722571222875,0.5581640625,0.0876837562869,0.486028645833,1
9.06827542892,12.7837053103,0.5011328125,0.00734575946357,0.511848958333,14.5043055045,16.9556393194,0.522200520833,0.0103249613217,0.538502604167,1
3.12984783497,6.07981540466,0.549140625,0.0920216090413,0.570924479167,0.804455111013,6.35371208991,0.5174609375,0.0878793158203,0.504166666667,0
1.5468569497,6.3895939951,0.694895833333,0.00885137999322,0.48640625,1.52673389668,8.68200708008,0.527057291667,0.00713232938184,0.579427083333,2
0.629832594548,0.469223449707,0.5384765625,0.069973046522,0.725924479167,0.46343036379,0.234645594316,0.722786458333,0.072979900045,0.4525,1
7.67215461601,13.9174031013,0.5391015625,0.00727451033412,0.529244791667,19.342917739,22.8847876818,0.494375,0.0121420825788,0.507994791667,1
6.08533379289,10.3419628857,0.512903645833,0.0966242407156,0.530286458333,0.74770390956,7.58113011201,0.521640625,0.091510658786,0.534518229167,0
0.631044336182,4.68812119713,0.5023046875,0.015075296433,0.588151041667,0.795760575666,6.29325536926,0.437630208333,0.0129622667297,0.56625,2
0.781300802792,1.39368054271,0.606614583333,0.0758923746739,0.516315104167,1.36854784518,2.34761929149,0.547174479167,0.0794830242302,0.5504296875,1
7.72325005106,14.3524569972,0.528385416667,0.00675113151012,0.533893229167,20.4230851716,23.7401881146,0.4937890625,0.0125780326851,0.533268229167,1
7.98729692606,12.4823337699,0.544049479167,0.0930090785271,0.552591145833,0.645382710376,5.39773480547,0.474244791667,0.0867814650954,0.544635416667,0
1.92293027819,5.60755048644,0.3069140625,0.00410175717299,0.619114583333,1.70317428024,14.7348962732,0.2276953125,0.00404991953306,0.4862890625,2
0.34551297775,0.972024251302,0.695520833333,0.0824582647374,0.47234375,0.610984579248,0.653689274896,0.497408854167,0.0858796715762,0.568333333333,1
6.35863168913,11.1301248424,0.562330729167,0.00645949800756,0.529075520833,16.3096054432,19.0482561228,0.5569921875,0.0122477405089,0.493580729167,1
3.50963740809,7.2364126017,0.5220703125,0.097795750121,0.5448046875,1.30190020987,5.26561715894,0.544778645833,0.0929545333438,0.5208203125,0
0.0556237234477,1.48792162698,0.292994791667,0.00342247532906,0.562395833333,0.0660596405229,0.969410425774,0.241145833333,0.00337461876136,0.469453125,2
1.82449559232,3.5795175239,0.919053254438,0.00746721952557,0.918579881657,5.66304025989,6.84632472019,1.13810650888,0.0392585111414,0.885443786982,1
0.488051892048,2.41800491099,1.05970414201,0.0240157813452,0.849408284024,7.53894256874,8.81394727081,0.955088757396,0.0391081741107,0.954792899408,1
12.8423949414,11.2555148843,0.999822485207,0.109025304853,1.00378698225,2.43962710291,4.71801790418,0.911893491124,0.0903430041371,0.988284023669,0
15.3715848706,15.5948765024,1.07035502959,0.0997519574104,0.971538461538,4.11399921413,13.0332714151,1.05159763314,0.0523916122225,1.04378698225,0
1.85866609747,8.79091804025,1.14207100592,0.0225158002836,1.02343195266,18.987515257,21.8512310156,0.973017751479,0.128799012466,0.94798816568,1
1.91588560158,2.34558912373,1.09088757396,0.0309074198246,0.976035502959,27.0899463975,19.7202338474,0.994733727811,0.105764034441,0.995029585799,1
7.68272305372,6.84721975793,1.01627218935,0.0447322496921,1.06710059172,1.23151711335,3.88913111885,1.28952662722,0.0371709301385,0.968343195266,0
18.1037899988,14.7638780065,0.911538461538,0.0881794945014,1.02662721893,1.63336029767,11.1824388056,0.856331360947,0.037932114203,0.948047337278,0
2.0204585195,5.58948072572,1.0873964497,0.00599850928429,0.977928994083,13.4749520826,13.9561189674,0.959112426036,0.0462428919943,0.926863905325,1
4.60744100244,9.19055544353,1.06124260355,0.218101379071,1.07106508876,25.5162974823,19.5502197623,0.983550295858,0.256737705651,1.09893491124,1
4.58187330317,2.02992394749,1.04781065089,0.00749315502872,1.01124260355,0.710394321536,2.08389841722,1.30934911243,0.00372722962437,0.709289940828,0
17.5757352361,13.4680391131,0.956331360947,0.082173517239,0.946035502959,3.50668837801,11.1604277926,0.859112426036,0.0381937743256,1.01183431953,0
1.87579812043,3.84900819378,0.982721893491,0.0748078419666,0.856035502959,28.0115751247,22.8444586231,1.0050295858,0.11525068427,0.979408284024,1
10.5335621302,11.5876244036,0.949526627219,0.139123839414,0.960177514793,2.38768209769,2.84451330514,1.05597633136,0.127185363177,0.980828402367,0
10.7742884325,9.88382336249,1.00781065089,0.0458289230844,1.03609467456,2.21121904212,8.15679132373,1.24195266272,0.0299926566806,0.97899408284,0
5.83459171598,3.81937201818,0.931420118343,0.0215099379194,0.987692307692,1.26662278216,5.60018966296,1.04905325444,0.0126769962538,0.90224852071,0
8.09325280842,8.7304927597,0.529661458333,0.0552787104534,0.5469921875,1.19471866065,2.67086596201,0.528255208333,0.0552493824114,0.497213541667,0
1.98255381944,2.75504375472,0.547877604167,0.0238653347672,0.552942708333,0.741505765046,2.35055149691,0.507799479167,0.0257504205897,0.545729166667,0
4.45616431781,6.41749076522,0.442291666667,0.0152889912735,0.464713541667,1.08564360396,4.34182541798,0.4216015625,0.0115265544147,0.476015625,0
2.63133261846,3.27127872876,0.447734375,0.0351957432531,0.4594921875,0.568956707233,2.98998641033,0.452135416667,0.0345643757065,0.4808203125,2
5.34001261234,8.41606767693,0.317278645833,0.0777533019426,0.30859375,2.36968443627,4.2527874122,0.323958333333,0.0784118216707,0.3232421875,2
1.33857005719,4.06686324231,0.524895833333,0.0945219832894,0.535859375,1.27738597835,2.47128752407,0.545716145833,0.0940690679009,0.5373046875,2
5.88817366217,8.94000250681,0.561223958333,0.0182713956342,0.5052734375,1.76395921473,4.35041514121,0.532994791667,0.0131838819964,0.5384765625,0
3.08699479167,4.3929920418,0.543763020833,0.0504199398083,0.559036458333,0.973353604984,4.59304617853,0.539192708333,0.0524143239185,0.502044270833,0
4.34417805351,7.29949666386,0.316848958333,0.0283265802141,0.329140625,4.99652690972,5.55122777739,0.345390625,0.0310758974273,0.332213541667,2
3.36028451797,6.66665500518,0.558645833333,0.0822212534383,0.517916666667,1.21793045343,3.48327547908,0.541015625,0.0810162871911,0.5573828125,2
10.6225661765,13.1857480222,0.5063671875,0.0225133871287,0.50171875,0.83014273831,5.41068680389,0.521067708333,0.020455765409,0.529114583333,0
0.29794995915,0.773605245377,0.3510546875,0.00308016819035,0.431927083333,0.232826575943,0.704476776927,0.345247395833,0.00314225173271,0.413958333333,0
7.68236141748,7.95555977995,0.5837890625,0.0125456922168,0.568307291667,2.47011584237,4.74435078925,0.530481770833,0.0106509661509,0.553841145833,0
0.615858200572,3.14907095959,0.493502604167,0.0114364205441,0.641875,0.960428886239,6.5164020895,0.572630208333,0.0110630934184,0.473515625,0
0.658651960784,1.0143150476,0.251927083333,0.00537610454559,0.2673828125,0.336920547765,0.738745961086,0.245625,0.00480170991663,0.260559895833,0
0.0493658088235,0.501797172568,0.328111979167,6.4921525847e-05,0.395,0.0418785743464,0.215192842201,0.2722265625,6.4407438914e-05,0.33484375,2
4.99943332949,7.74341506643,1.27029585799,0.0163525420923,0.529349112426,4.8548680941,8.22415995001,1.11473372781,0.017142422896,1.14236686391,1
4.48601925977,3.82048429978,1.32331360947,0.0107082547188,1.07017751479,2.6242489848,2.77644798198,1.04449704142,0.0120952509061,0.882130177515,1
3.33261877658,6.70556696051,1.31621301775,0.0153685005301,0.850118343195,4.85944212684,7.85249595266,0.942544378698,0.0167511921046,0.940295857988,1
2.09101297475,2.49992865919,0.967041420118,0.0399143562101,0.908284023669,6.97214711683,3.97324979696,0.944852071006,0.045760735685,1.04183431953,1
3.25389929226,3.50574508912,1.08798816568,0.0784027966325,0.879822485207,5.36751293654,4.26376581257,0.997337278107,0.0781696348697,0.951893491124,1
4.10494860193,5.71902143246,0.810414201183,0.0496106275038,0.933372781065,4.86092122056,5.2738027483,0.904852071006,0.0466324379048,0.965680473373,1
1.77619664565,2.95909119142,1.10284023669,0.0534284303771,0.88325443787,5.50132776424,3.74604849751,1.0050295858,0.0589264743799,0.982840236686,1
1.6622025757,3.4374344161,1.18272189349,0.154915898334,0.907218934911,7.17686344123,4.12076845781,1.05029585799,0.158220148669,0.909112426036,1
6.28863789303,5.93691043943,0.968520710059,0.0123626354273,0.751834319527,1.02541378697,3.96463621088,1.13928994083,0.00839148393566,1.05828402367,0
3.27805638705,2.89923744836,0.944319526627,0.014565850773,0.998402366864,1.28650188681,2.94039245793,1.16461538462,0.0123785783974,1.07189349112,0
2.89604014387,3.91269551533,0.944556213018,0.0327541424015,0.96875739645,2.00233948254,2.31192904383,1.15668639053,0.0322570731007,1.13100591716,0
4.90228611208,2.12883905118,0.974911242604,0.508389695984,1.0049704142,0.773230728978,1.07958858336,0.777100591716,0.499493744131,0.958639053254,0
1.58888409328,3.50428461385,0.97124260355,0.014714133188,0.961834319527,3.65636352835,6.21151328456,1.06319526627,0.0131655059697,0.852485207101,0
9.1008393085,9.06272535741,1.0125443787,0.124034677938,0.984437869822,2.32209175403,4.3192007901,0.991656804734,0.111732707223,0.970769230769,0
10.2149648451,10.8002527818,1.01230769231,0.314618830543,1.07928994083,1.85810588496,5.69368486446,1.06402366864,0.308005486802,0.969881656805,2
7.79163151178,7.38044448204,0.968402366864,0.394410388814,0.916804733728,1.00229771435,4.15295947519,1.06201183432,0.363882801441,1.05130177515,0
3.73680631651,13.4382476478,0.943017751479,0.0646026399636,1.15349112426,1.79932335538,5.65784094814,1.04834319527,0.0849357431121,0.892899408284,1
7.92847221255,13.7806190191,0.989289940828,0.0354459816568,0.889585798817,4.92077062304,8.97870169565,1.02331360947,0.03573485303,0.951360946746,2
47.8204404223,33.9324327675,0.94100591716,0.1400585995,0.982189349112,4.89522937696,16.2475144906,0.827041420118,0.0531473622285,0.952307692308,0
19.0091096415,16.8406259549,0.986686390533,0.0824982258505,1.04396449704,1.88811489093,4.12908657493,1.16650887574,0.0498325944273,1.01076923077,0
2.43006639504,14.1280861404,0.935029585799,0.0679370338574,0.881479289941,2.72138925629,8.54199700188,0.945384615385,0.0825378854848,0.932603550296,1
9.02074022508,15.8592419705,1.00047337278,0.0447131760488,1.0,4.20225478594,6.79432748344,1.07325443787,0.0371804108833,0.950473372781,2
42.1447214294,30.7488016959,0.971538461538,0.225645868627,1.03775147929,2.55614730564,8.91745149446,0.867633136095,0.144663500786,0.972426035503,0
32.3370859729,22.5722439331,0.969467455621,0.183951945366,0.998934911243,2.17404701526,7.34070402791,1.1175147929,0.141085692699,1.05189349112,0
4.89712532868,14.1863817758,0.762958579882,0.0775781225773,0.936153846154,3.60467654463,7.09147380545,0.965029585799,0.0955341303797,0.906153846154,1
3.24997053022,5.69598332989,0.849408284024,0.0490169186431,0.966390532544,2.27079359554,3.74098374356,0.909644970414,0.0504918736737,1.04798816568,2
19.8822933055,13.869869246,0.945857988166,0.106029803681,0.932307692308,1.7798535793,5.17365250874,0.995266272189,0.0905784344556,1.02810650888,2
42.1157064625,31.2965940254,1.11284023669,0.222495457171,0.921183431953,1.28993247477,5.91140742762,0.980946745562,0.131214329488,1.00650887574,0
3.10703424537,16.3436166995,0.841479289941,0.0835245611177,1.05082840237,2.1667995291,6.35163562931,0.850887573964,0.10147004173,1.00159763314,1
5.52916533241,10.4221912065,0.907278106509,0.0374485864769,1.06609467456,2.89164241791,5.11232207913,0.97124260355,0.0336175986949,0.882899408284,2
33.8934242952,26.1013674484,0.940710059172,0.165823149715,1.0773964497,1.05360761109,3.94644188088,0.91775147929,0.10562452994,0.93650887574,0
40.7813588583,35.1207818773,1.02893491124,0.13233910078,1.0050887574,1.21943104578,9.44090138789,0.820236686391,0.0453021911285,0.995384615385,0
5.81151456085,13.9854234059,0.894792899408,0.186918879657,0.92798816568,3.5689499942,12.2629550062,1.05834319527,0.180248487905,0.910710059172,2
2.26349274858,11.9934354127,1.04485207101,0.146731105824,0.972662721893,4.40437330225,10.8120335949,0.906272189349,0.151003095129,0.984733727811,1
2.43005545887,9.7497429461,0.986627218935,0.140706749899,0.907396449704,2.49572177747,11.4551152837,1.01976331361,0.142219079434,0.989881656805,1
25.9552340179,26.5581729047,1.02958579882,0.106014299281,0.972840236686,2.58681053486,7.15927232727,0.992603550296,0.0744748125182,0.925798816568,2
0.793977259543,0.912847519834,1.09360946746,0.0286534614947,1.06591715976,6.00947534517,7.00232374404,0.991834319527,0.0298806259081,1.04881656805,1
1.36913191786,3.82129313204,0.934911242604,0.055586037617,1.08278106509,2.93665274394,6.06018711413,1.01633136095,0.0568061277045,0.944142011834,1
14.3761338902,18.046674855,1.12035502959,0.151693127786,1.03982248521,2.70422044321,9.43392837041,1.07130177515,0.113325148239,0.981360946746,2
59.6991778629,49.4157716845,1.01331360947,0.16399691165,1.02733727811,1.54327903469,10.7592772925,0.945029585799,0.0800552326483,0.977041420118,0
1.07660663512,16.7680153846,1.22426035503,0.0178956124999,1.11017751479,7.71915535445,9.66640456331,1.01710059172,0.0194854344549,1.13923076923,1
5.42125660866,12.3135984727,1.29479289941,0.0384263393733,0.823550295858,3.00796728159,1.8051724546,0.907633136095,0.0402426419599,0.976863905325,1
5.94110403225,3.937508194,1.18792899408,0.029271895312,0.743017751479,2.37751580789,1.8493356995,1.0424260355,0.0337132400151,1.04928994083,1
0.684494383486,3.26596115748,1.08917159763,0.0487794651123,0.981479289941,7.48700591716,6.86135325919,0.974970414201,0.0591565121272,0.959349112426,1
2.86313876142,7.50398553583,1.39177514793,0.00723960803483,1.03278106509,1.62587376726,7.24143012844,0.951893491124,0.00866206943324,0.814319526627,1
4.83073958459,5.31982139749,1.20834319527,0.0258248401996,0.785857988166,2.8279617357,2.07503141148,0.748106508876,0.0282986494523,1.19881656805,1
4.73977285352,3.58875932641,1.27556213018,0.0124411446726,0.810887573964,1.62296884663,2.4094164104,0.913195266272,0.0151160840255,1.03934911243,1
4.07902347414,4.4707428632,1.24863905325,0.0236419841305,0.863964497041,1.80890636965,2.56232115095,1.01071005917,0.0282776005454,0.921420118343,1
46.4559463975,19.8978446613,0.921834319527,0.0702929798836,0.932071005917,5.36248706346,3.66200951386,1.01384615385,0.0549914651015,1.03899408284,0
25.3563044437,11.3262405347,0.920177514793,0.0457545301691,0.967159763314,1.78988119271,2.97465947326,1.06650887574,0.0375829619436,0.90124260355,0
18.363265112,9.58485194439,1.00686390533,0.0248988711333,0.976390532544,1.19943937812,4.72677607863,1.06106508876,0.0179140625741,0.915029585799,0
7.16276621418,2.90768140155,0.942485207101,0.122882873981,1.03124260355,1.24107823481,0.579650598291,1.09887573964,0.112042246435,1.0050887574,0
14.4386033183,17.1524297172,0.990177514793,0.37780144417,0.983195266272,15.2878749275,17.4622717498,0.991834319527,0.381583921779,1.08473372781,1
16.7593669799,16.8255593093,0.993372781065,0.251589979491,1.04319526627,9.27423970298,13.2928573706,0.975088757396,0.245899663317,0.909053254438,2
16.345698805,7.64521653351,0.913964497041,0.0716504757085,1.03307692308,1.75467896508,1.7670010442,0.942189349112,0.0652007193761,1.02727810651,0
4.06406868546,1.88480450168,0.956331360947,0.0348064985633,0.891301775148,0.784754324357,0.591970886922,0.946863905325,0.029689030197,0.979763313609,0
22.607117299,26.9742774808,0.903313609467,0.139591721006,0.914674556213,32.9397124956,32.4095705206,1.01360946746,0.149944028641,0.968224852071,1
6.66075275554,8.4457811804,0.984082840237,0.0471313573856,0.970887573964,14.0391727579,11.6065143134,0.941893491124,0.051031855748,1.06071005917,1
10.1734962293,13.4146136299,1.06029585799,0.263297677124,0.996213017751,13.1932964381,13.9321819927,1.04224852071,0.262678361588,0.922603550296,1
3.99223807866,5.69179513875,1.04189349112,0.213960469784,0.89550295858,6.5501515257,6.87707163835,0.928698224852,0.216806432484,0.999704142012,2
36.223056039,17.429371292,0.953076923077,0.075804637186,0.955147928994,7.31730107901,7.28200878147,0.954852071006,0.0686198088634,1.07840236686,0
8.58214224388,7.27400872964,1.06065088757,0.171163443641,0.965384615385,7.18644807982,6.3873804002,0.995147928994,0.172452198382,0.951479289941,1
9.86891727579,11.1443826816,0.985621301775,0.0387165516108,0.966035502959,17.5158739993,15.0603974871,1.00171597633,0.0426675631458,0.955088757396,1
7.82177723634,6.93247354699,1.06355029586,0.321078243059,1.07307692308,12.5309281819,9.41579489141,0.98,0.328077829841,0.977573964497,1
21.8027149321,17.6746996667,0.943609467456,0.514966440572,0.909289940828,8.27161851723,9.32218648663,0.998106508876,0.503383840762,0.990710059172,0
14.1231829679,11.2547840542,1.00798816568,0.321898892767,1.03781065089,27.8947525235,17.7028272054,1.01112426036,0.355748982232,1.02644970414,1
36.2551347024,22.697740502,0.964792899408,0.162344378197,0.938284023669,3.0030704258,3.83554236777,1.08165680473,0.122160948233,0.996568047337,0
3.10462578042,8.53943392709,0.768698224852,0.00624106217669,1.20834319527,2.69113390313,14.8931194052,0.653195266272,0.00618628221564,0.96899408284,2
7.84523100128,10.03706998,0.965917159763,0.347354048796,0.961124260355,10.0234649031,10.80807259,1.08585798817,0.360940167108,1.00609467456,2
1.04358510268,4.27555841745,1.00976331361,0.108885064618,0.98449704142,40.5501793712,27.2209251929,0.975562130178,0.161855468634,1.02094674556,1
45.8675623622,26.6195515256,0.916449704142,0.264551633142,1.04449704142,8.00540828402,7.80371974106,1.0949112426,0.192668746855,0.996390532544,0
3.18833600186,2.71260262211,0.921834319527,0.0287105862235,1.02881656805,1.61978046413,4.54810309749,0.966272189349,0.0233425052046,0.880059171598,0
1.72850794756,5.80187349822,1.03958579882,0.10207146674,0.935621301775,8.40159624086,9.57029002734,0.971360946746,0.127717410566,1.00207100592,1
2.62668252078,7.1471085019,0.958165680473,0.0508798564899,0.927869822485,39.9427513633,29.1596629525,0.952958579882,0.102928731487,0.959230769231,1
20.2226717717,14.2048336237,0.935680473373,0.163677429063,1.00733727811,21.4982178907,17.6649485716,0.973017751479,0.174553493816,0.980946745562,2
2.05874672236,1.93145077586,0.875976331361,0.0157985626734,1.0624260355,1.6634096763,1.85457944022,0.876153846154,0.0175397487033,0.980355029586,1
0.448130059172,1.18781721572,1.1049704142,0.0128227003959,1.04485207101,3.2049219167,2.25519012368,0.957869822485,0.0159031252117,0.906568047337,1
11.6352736976,8.08908237775,0.904378698225,0.0547629839612,0.929112426036,13.7699621766,12.1606855456,0.979053254438,0.0668887703862,0.972544378698,2
33.8932416754,16.5503487032,0.973727810651,0.114676633266,0.943905325444,2.75399628727,2.62802611667,1.19946745562,0.0956228922609,0.891834319527,0
2.30186639053,9.86320007396,0.862366863905,0.00420567451498,0.918579881657,3.68100652227,19.8462216469,0.572426035503,0.00413247051188,0.828934911243,2
30.9520452489,21.2382528088,0.882366863905,0.380624744226,0.924378698225,1.50277456782,10.1630143597,0.989467455621,0.245360066355,0.956863905325,0
34.9243501566,27.737758839,0.846804733728,0.221450019617,1.00455621302,2.96415763712,8.77954057713,0.913195266272,0.133506171427,1.01017751479,0
44.1111451444,33.7529592664,1.09686390533,0.174022972543,1.00384615385,4.64908169746,8.08099357984,0.955976331361,0.0980359161226,0.947278106509,0
13.1981861005,9.95048282358,0.955029585799,0.0459664451599,0.954615384615,1.01078157712,3.29562564013,0.900295857988,0.0370050031862,0.834852071006,0
67.1790035967,52.4620088969,0.890236686391,0.36351464159,0.939289940828,2.31994606795,11.8595884624,0.955562130178,0.210529198586,0.968224852071,0
28.0723362339,19.5373195799,1.01047337278,0.132623984404,0.978816568047,0.887831302935,5.0352774053,1.13816568047,0.105378734733,0.890828402367,0
36.9931534981,33.0039857448,1.05934911243,0.107175486307,0.962426035503,3.98992287164,9.27436916784,1.05911242604,0.0579862911369,0.878461538462,0
37.1447455621,34.1811428639,1.0525443787,0.174714738173,1.02568047337,1.96698603504,7.85765808985,0.861065088757,0.0988415549526,0.872721893491,0
13.551005221,15.2887338169,1.0374556213,0.154820913413,0.828106508876,16.8055793015,13.2985576053,0.917278106509,0.158818416391,0.940887573964,1
1.66481198027,8.0593646928,1.02816568047,0.198404221488,1.00698224852,16.1057408052,11.8193524202,1.0175147929,0.225577197899,0.96,1
2.48195846386,5.15719982454,0.967514792899,0.107683882357,0.992899408284,7.38116950922,7.107621718,1.13372781065,0.118889734439,0.865207100592,2
33.5237122636,24.526989471,0.987692307692,0.151206756949,1.06142011834,1.53477367403,4.16626000159,1.19272189349,0.093637042161,0.899171597633,0
39.4520245968,32.2735661327,0.88674556213,0.373295689174,0.985266272189,8.87115883513,11.5201478043,0.981065088757,0.296622302811,1.01213017751,2
9.48555888154,9.55033926862,0.988343195266,0.357870243193,0.924082840237,15.7387256062,10.360259324,1.02668639053,0.386975650244,0.923313609467,2
10.195500174,6.45389387725,0.918639053254,0.317203447913,0.830177514793,4.48780925861,3.41511033174,0.980828402367,0.31936732814,1.00325443787,0
7.33717438218,4.9789550992,0.972307692308,0.117380027232,0.967869822485,1.67083391906,4.48789271603,0.738816568047,0.109688350052,0.990355029586,0
3.47644701292,11.6506965723,1.02301775148,0.0375622484111,0.974852071006,48.6198823529,36.2293968235,0.914674556213,0.0677065717778,1.06538461538,1
4.81914813834,13.1281103741,1.01520710059,0.0779425438071,1.00715976331,50.7310943265,38.0781405685,1.02213017751,0.110490106032,0.98573964497,1
4.80818544081,8.45421747605,0.99224852071,0.0577221856088,1.04940828402,42.3434136211,32.9385841875,0.948106508876,0.0889910412471,0.998816568047,1
4.0607748547,13.755180621,0.99349112426,0.0648650559861,1.08680473373,29.1294461074,25.3819759893,0.974970414201,0.0904823677131,0.960295857988,1
10.3912616313,9.08582816496,0.938284023669,0.0615855778447,0.889408284024,42.3695978652,25.4462626121,0.952307692308,0.0770143993259,0.961893491124,1
24.9751804154,22.6520679258,0.993017751479,0.132942804732,0.929644970414,28.2049098503,21.0609407344,0.961656804734,0.136793998747,0.909585798817,2
42.0714767374,36.8880374719,1.04627218935,0.276207890634,1.09656804734,30.1967571644,30.4430315756,0.972366863905,0.258813890756,0.952485207101,2
50.1086135283,44.4969821121,0.970473372781,0.266956911375,1.03958579882,28.7318313029,29.2642438489,0.934142011834,0.249117718062,1.01201183432,2
8.66816521638,7.9759822227,1.00189349112,0.0220043066498,0.96550295858,43.6672328576,28.0860435862,0.981656804734,0.038993496393,0.95573964497,1
33.9380591716,31.1796005488,1.02130177515,0.116223988387,0.880355029586,28.3566501914,26.5402852012,1.07804733728,0.091143581819,0.949467455621,2
59.8925979812,56.1239365512,0.927337278107,0.189714544966,1.02213017751,21.8178398886,28.1896644627,0.941775147929,0.127624032392,1.01094674556,0
80.1488750435,72.3155913349,0.947455621302,0.211732380518,1.02420118343,20.716714468,31.9754795064,1.00905325444,0.12354360532,1.00585798817,0
5.4807576285,9.57580355703,1.03964497041,0.0267910429625,0.905976331361,53.0322877364,35.8472764436,1.02325443787,0.0572099032837,0.934674556213,1
6.24277340759,9.61638490713,1.0601183432,0.0310340946201,0.992189349112,56.337076459,39.1741718221,1.02,0.0616464993125,0.974319526627,1
7.09855273234,13.2347064226,0.970118343195,0.0315860369706,0.972662721893,56.1312291449,40.5449035143,1.00065088757,0.0644785142225,0.950650887574,1
6.97236779209,12.0700794711,1.03443786982,0.0431566189379,0.971065088757,53.117290869,38.3614168919,1.03266272189,0.0743372557271,0.994556213018,1
22.8315841745,9.70909544042,1.03627218935,0.00857101246476,0.970414201183,2.88393017525,8.96207600138,1.18195266272,0.000792444544418,0.651065088757,0
24.975326372,18.2212432259,0.997041420118,0.0809375201828,0.877218934911,2.5234990464,7.68735314274,1.07775147929,0.0467877439866,1.07597633136,0
27.8421589512,18.9657959776,1.08106508876,0.0503638125766,0.987278106509,1.44600230499,8.34741726934,1.00319526627,0.0237101561406,0.816449704142,0
6.82576493793,2.72410929342,1.07704142012,0.146145206991,1.00887573964,2.40889817486,13.3418284513,1.35775147929,0.116996460788,1.36692307692,0
23.1223561898,9.72974518868,0.894970414201,0.00932431114718,1.07029585799,6.6361214725,13.8538296541,1.19017751479,0.00153621451584,0.572189349112,0
24.7669416406,17.6938183514,1.03224852071,0.0567550075663,0.979526627219,3.4981021755,6.01707159326,1.12147928994,0.0274750633389,0.77875739645,0
20.7792852999,13.3891895509,1.00437869822,0.0367037558559,0.913727810651,1.04539538462,7.03512842086,1.28656804734,0.020902391874,0.959704142012,0
5.5271091774,1.88997099431,1.07656804734,0.0539855270617,1.01112426036,3.91101578496,7.03624260355,1.27035502959,0.0290770652818,1.19674556213,0
1.61923610628,11.7945473776,0.967278106509,0.194133372515,0.920650887574,45.4616064509,27.1768520356,0.874437869822,0.322284673061,1.01378698225,1
3.61488200487,7.44356571919,0.873964497041,0.0973628220218,1.03390532544,63.4147935955,44.9321875823,1.01769230769,0.218717658016,0.908698224852,1
3.1289137951,5.70281912055,0.949940828402,0.136856761894,1.02023668639,54.3717008934,51.5952738099,0.932485207101,0.268111314695,1.00840236686,1
1.26029168117,9.77420953707,0.831834319527,0.401474409432,1.01017751479,29.7552869242,31.6066582116,0.918816568047,0.511897311971,0.924082840237,1
3.77400799178,11.8982606425,1.06207100592,0.134226874837,0.891597633136,23.2530743706,21.8492920888,0.956568047337,0.171684138719,0.910650887574,1
5.17340076923,8.07848761806,0.898461538462,0.108228368268,0.967514792899,41.8820069614,35.4496117115,1.00325443787,0.167526352963,0.924852071006,1
2.73577117398,10.199271106,0.981597633136,0.090996621671,0.933609467456,27.1450994315,28.0309031546,1.04763313609,0.138251691508,0.996272189349,1
2.0292608445,8.47638131932,1.02278106509,0.202214577948,0.953372781065,19.9182459682,17.7991857436,0.941065088757,0.251628763792,1.01130177515,1
13.5680280775,12.3269772002,1.01639053254,0.0909505550477,0.926923076923,18.8075210581,14.4742438028,0.95798816568,0.0903986451455,1.01692307692,1
30.3105072514,23.9414768611,0.998520710059,0.183048788563,1.02,15.2258524191,18.0940424375,0.918875739645,0.157114248661,0.922899408284,2
51.6191096415,40.9153216944,0.932426035503,0.2388899735,0.967218934911,19.6918811927,26.8863405372,0.872662721893,0.206265583016,0.966035502959,2
57.4815793015,28.7871243447,1.07786982249,0.141053495372,0.978402366864,11.0955379974,17.3597949277,1.00319526627,0.106338497841,0.935680473373,0
3.25508156399,4.91422680364,0.951360946746,0.0740266159798,0.934437869822,18.3228762037,10.7331104264,0.936982248521,0.0793022752454,0.986390532544,1
8.93244529528,10.3264626681,0.932840236686,0.210867483912,1.08940828402,24.6730618401,16.571601072,1.09059171598,0.213600541331,1.00177514793,1
13.1370996635,16.0735152702,1.00710059172,0.126662091826,1.05940828402,26.1995491356,22.8847534297,0.954733727811,0.137553416097,0.940946745562,1
45.5554268477,37.0103356637,1.00615384615,0.227235977651,0.941952662722,28.7432277526,33.7901325071,1.00360946746,0.200693671037,0.994615384615,2
5.3611664594,11.5093199784,0.941597633136,0.0231814083754,0.95650887574,20.7856804734,11.3645675832,0.989112426036,0.0287034803208,0.991360946746,1
5.3894836988,7.07525132152,0.969230769231,0.125821880873,0.982603550296,29.0645617821,17.2467684742,1.02786982249,0.134548777691,0.949289940828,2
33.8562023437,24.7641618239,1.00076923077,0.164799241023,0.937692307692,19.2894449472,21.0280572903,0.930710059172,0.136437973918,0.874023668639,2
48.5906139923,25.2170341471,0.984319526627,0.131624093455,1.0449112426,6.70134168697,13.3188078498,0.962071005917,0.0906731414686,0.930710059172,0
10.3531697413,6.9765739402,1.03727810651,0.0933862057262,1.02520710059,13.7044708203,7.60699932851,0.859230769231,0.0933473191121,0.896804733728,1
11.9822376146,9.50346851027,0.900355029586,0.0731460121998,0.954615384615,16.7170200719,10.733260095,1.00355029586,0.0733603307693,0.945088757396,1
8.53803179023,7.51954163938,0.987928994083,0.143397789442,1.01396449704,20.2057264184,12.3561339921,0.980473372781,0.143239954783,0.960887573964,1
33.5473795104,20.9363495968,1.02331360947,0.151244570706,1.10792899408,12.4984747651,16.5425758344,1.03408284024,0.129796688481,0.954852071006,2
17.3242712612,13.1835519235,1.02715976331,0.100969313914,1.00171597633,1.33624225548,4.54889734533,1.05366863905,0.0904641366358,0.965976331361,0
12.5146910314,7.13727629767,1.07461538462,0.0304504765652,0.960177514793,1.03297898301,3.86538643304,0.866153846154,0.0247906897685,0.805384615385,0
12.3036639981,11.8502455768,1.08585798817,0.106491937966,1.05633136095,5.66666434621,6.68701094121,0.952426035503,0.106507882498,0.910295857988,2
6.28876435781,5.40823616449,1.06437869822,0.0346445605956,0.978816568047,0.779027108819,2.60424423715,0.975857988166,0.0299507464354,1.0301183432,0
2.17349970994,7.57098619329,0.982840236686,0.0759640193602,0.960710059172,26.0273238195,22.1918503834,0.905976331361,0.105430295061,0.886449704142,1
1.83175465097,4.30351352798,0.966331360947,0.0469216795467,1.09041420118,21.1671606915,15.3418265081,1.06869822485,0.0661861885241,1.00579881657,1
1.15071523501,5.89408908573,0.979349112426,0.183820275335,1.05781065089,13.4892175426,13.2017175138,0.99100591716,0.203775222595,0.866035502959,1
1.27893575737,7.78282431594,0.85349112426,0.0851909474653,0.91650887574,2.3494683838,4.54455435665,1.07514792899,0.0957153519128,1.0025443787,1
3.59639053254,11.7731269186,0.94124260355,0.139980077457,0.884733727811,25.9773560738,24.2939557065,0.952189349112,0.167497059238,0.954911242604,1
5.747178559,10.5464660073,0.952189349112,0.192089707317,1.04408284024,23.918954171,21.2963317069,0.965029585799,0.222697882392,1.02550295858,1
4.72526371969,7.13895368815,1.0,0.0974404370297,0.995325443787,12.9590284256,13.1663932734,0.935976331361,0.103860273625,1.01047337278,1
5.72200649727,5.93899349759,0.804082840237,0.0427071254112,0.919289940828,6.27437869822,5.51835906544,1.08810650888,0.042999497267,0.914023668639,2
9.56295347488,6.33357689665,1.01065088757,0.0224422055522,1.05597633136,0.92745724562,1.13395080636,0.960177514793,0.0174425968334,0.900414201183,0
20.0743798585,20.0878106635,1.00266272189,0.200854963062,0.989289940828,2.12506601694,9.89237858911,0.968165680473,0.158804981406,1.06017751479,0
18.4569602042,17.2093184947,1.0498816568,0.0922462206553,1.02798816568,3.38243938855,8.85876823885,0.916390532544,0.0732061908849,0.911775147929,0
7.25526557605,6.11819436272,0.988284023669,0.0526348463045,0.964437869822,2.3370320114,8.6323816079,0.995562130178,0.0436842482764,1.09307692308,0
1.67948769885,8.59100245917,0.536822916667,0.0767163927946,0.511614583333,4.18330545343,8.48527930084,0.503138020833,0.0789808892347,0.534830729167,1
2.41547468685,8.74219281389,0.514322916667,0.078372445217,0.503255208333,5.28267463235,8.50424799694,0.539635416667,0.0818690691687,0.531588541667,1
2.47780326247,4.01043093538,0.545104166667,0.0640768329384,0.555872395833,2.63200020425,4.31847145407,0.522981770833,0.0641939417011,0.533932291667,1
0.859749987894,2.8985405816,0.214296875,1.6575162243e-05,0.2609765625,0.972955034842,3.14688341864,0.1960546875,1.57904322589e-05,0.233645833333,2
1.93463265931,3.29313088481,0.560611979167,0.0330734644635,0.594596354167,1.28629381127,2.72160900005,0.548098958333,0.0326821443906,0.5385546875,2
1.91740900735,3.80694259837,0.534557291667,0.0605733590247,0.575638020833,1.44321885212,3.47703379438,0.474635416667,0.0597787553972,0.544895833333,2
1.2114721201,3.22281194947,0.445182291667,0.0671204098679,0.402760416667,1.61948943015,4.02991334266,0.4088671875,0.0672218160754,0.4141015625,1
1.15891517414,3.79142795139,0.267734375,1.35854924167e-05,0.329244791667,1.02479736764,3.14899359809,0.231341145833,1.27243618082e-05,0.279348958333,2
2.36756127451,3.63175827911,0.501276041667,0.0225139022815,0.534088541667,1.52121167755,1.64769781021,0.543111979167,0.0219867321729,0.5284375,0
2.22319127859,4.04333063074,0.482643229167,0.0410607356804,0.582760416667,0.513794781454,2.50426900431,0.353815104167,0.0405140908092,0.505625,0
1.25185774101,2.17542876981,0.277916666667,0.0258016386299,0.295690104167,0.327115298203,1.83682836042,0.266080729167,0.0256597772216,0.280716145833,0
0.856153281464,3.03012306416,0.313255208333,1.42210775923e-05,0.38625,0.731881818523,3.58508717607,0.273776041667,1.44135038036e-05,0.339973958333,2
1.88827982026,1.63639629289,0.557604166667,0.00305802396244,0.5572265625,1.92483578393,4.3283151457,0.555013020833,0.00266301459157,0.563997395833,0
0.712757270274,1.72070207652,0.4841015625,0.000684928851622,0.629869791667,0.61916531259,3.95982455969,0.274765625,0.000616577806261,0.4888671875,2
0.865137161635,2.06811393805,0.215104166667,9.98026529949e-06,0.25375,0.972361793412,2.84223361545,0.200520833333,8.96771006232e-06,0.2383203125,2
0.0677286049837,0.155398861244,0.320794270833,2.04617501873e-05,0.388268229167,0.0609485294118,0.135356170032,0.2677734375,2.24202423095e-05,0.321640625,2
5.53099524307,4.74293085765,0.929940828402,0.0398005344434,1.11366863905,0.97077178327,4.10021860498,1.22366863905,0.043077997322,1.06307692308,0
9.56678036895,9.33311048402,0.944733727811,0.0843062990682,0.948579881657,4.22655853347,7.74030936945,1.08017751479,0.0982132887081,1.03597633136,2
29.4502538578,25.8893836395,1.0324852071,0.158922161054,0.879408284024,4.04460262211,12.0364745461,0.913964497041,0.129105096884,1.05082840237,2
15.6506197935,15.6812580204,1.00384615385,0.0913081790939,1.11538461538,0.871467919712,4.34170813487,1.05810650888,0.0697857369902,0.837928994083,0
5.61040909618,5.83731468365,1.03627218935,0.190691324828,0.940946745562,4.19887457942,6.93648455671,1.16207100592,0.216251039438,1.08414201183,2
11.0124968094,11.1047930296,0.952781065089,0.0994068100186,1.07130177515,4.56177700429,10.4990186172,0.98,0.120689618347,0.798284023669,2
29.9024578257,25.4469404764,1.02059171598,0.184671476518,1.06,2.51131500174,8.52831103216,1.02366863905,0.131100353158,0.903786982249,0
9.03948857176,12.3970792057,1.05857988166,0.166352847478,0.994319526627,6.80132892447,14.0234511097,1.02266272189,0.20026420726,0.912899408284,2
2.29264299803,10.1962801126,1.03218934911,0.113844906203,1.08656804734,3.79278338554,10.6111577808,1.00952662722,0.159333670112,1.09952662722,1
9.39911289013,13.8252750134,0.946923076923,0.206755728384,0.975384615385,4.43534215106,10.9130079816,0.985621301775,0.239253923697,0.937514792899,2
25.5748861817,23.0794945908,1.04893491124,0.262564641829,0.98201183432,8.41539273698,15.416419314,0.991538461538,0.259645943901,1.03165680473,2
9.58233205708,6.95617075426,0.95449704142,0.102177360747,0.973550295858,0.492961030566,1.27483629191,1.11893491124,0.0899923100456,1.13715976331,0
4.18592667363,11.3533168737,1.00733727811,0.162755481121,0.91449704142,5.31914282399,12.5753423205,1.00786982249,0.228644541743,0.821656804734,2
17.4206945121,19.8986888246,0.913727810651,0.37709120953,0.996982248521,6.87222160343,17.7684367619,1.0350887574,0.385915176925,0.930591715976,2
26.6672975983,22.0777376585,1.05171597633,0.225490502003,0.917278106509,1.68365007541,6.35456619097,1.00928994083,0.185959899988,1.0749112426,0
3.04909919944,11.8679401762,0.920769230769,0.178019292857,1.0349704142,8.74988444135,16.2315489228,0.965621301775,0.242989171632,0.942603550296,2
23.0340343427,16.1673919912,0.984378698225,0.077264377717,0.978698224852,1.64566952461,7.79975896435,0.942662721893,0.0596912825469,1.05390532544,0
33.8555851027,24.5787381805,1.03905325444,0.263769899575,0.967573964497,1.72693630352,7.98456992784,0.961065088757,0.198862063316,0.957928994083,0
29.1748625131,22.906606089,1.05343195266,0.415691669048,0.946923076923,1.68858852015,8.99812086347,0.870236686391,0.338500023369,1.00627218935,0
6.21787260703,6.26793956644,0.948934911243,0.110363355881,0.958875739645,5.3397714352,5.79136836298,1.12473372781,0.112269809554,1.0874556213,2
21.4845979812,14.0487862393,1.01325443787,0.134681016651,0.986686390533,1.68045581156,6.67567856434,0.927573964497,0.121398310822,0.93674556213,0
20.3031711335,18.166051758,1.08727810651,0.193355185046,0.925266272189,6.16174660633,9.11642301891,0.958461538462,0.185296453138,0.981301775148,2
10.9383172062,9.758829416,0.886331360947,0.13916391856,0.909289940828,15.0442779905,15.7550267793,1.03112426036,0.155234237795,0.985384615385,1
0.458767536157,4.96831861783,0.910710059172,0.183299427738,1.20674556213,3.05486367328,2.19520240721,1.08869822485,0.189664338891,0.97674556213,1
1.66012205592,1.36407809312,0.996568047337,0.0709332453379,1.16633136095,2.21891843601,4.89144785503,0.845443786982,0.0683337108593,1.05917159763,1
0.764266625659,1.86635598062,1.0450887574,0.120427925338,1.01301775148,1.44078988282,1.38976749043,1.0450887574,0.123826666979,0.943076923077,1
0.796246397995,7.9053047492,1.02183431953,0.153292313562,1.0298816568,5.79727207333,6.28121197355,0.940059171598,0.163316169987,0.952840236686,1
2.4942824057,6.55477758441,1.04189349112,0.0562980982459,0.980177514793,7.20934377538,8.6936196622,0.930059171598,0.0631906051257,0.964023668639,1
3.74544964305,4.67703383876,1.07514792899,0.00382250389833,0.973846153846,2.70639504722,3.29667493625,0.979289940828,0.00579335828785,0.945384615385,1
2.68942747434,5.90661390533,0.944970414201,0.0157547424104,1.07266272189,1.81523424991,2.69067916696,0.901065088757,0.0185676500636,0.965798816568,1
3.13494380449,13.1460118159,1.27165680473,0.167240621612,0.866568047337,1.43612837396,3.47872507569,0.800591715976,0.170428930389,1.11106508876,1
3.52224687705,8.59193663708,1.22692307692,0.0423740810898,1.09159763314,2.81813017751,3.4135454229,0.956035502959,0.0471588924534,0.985029585799,1
28.4563420479,11.216087821,1.4512037037,0.0217605905604,1.44462962963,28.4478598402,11.2156152656,1.42842592593,0.0217535347,1.44259259259,2
30.9681880901,22.1176365769,1.41453703704,0.146796191694,1.32240740741,19.8872527233,11.4566557734,1.46462962963,0.116653506794,1.32398148148,0
33.5483402324,45.581749009,1.50638888889,0.123171380105,1.44833333333,4.94226827954,31.8009371703,1.46231481481,0.0434019955347,1.3375,0
5.1013540305,2.36039337845,1.5712962963,0.120187537901,1.25722222222,2.22430343835,6.67230712871,1.33527777778,0.106984802355,1.2212962963,2
17.4192124183,7.16769307356,1.48416666667,0.0310162216094,1.31222222222,24.990573711,10.7532227972,1.31694444444,0.0367454951918,1.32185185185,1
50.1848823529,48.5594333384,1.49,0.245552695358,1.37222222222,30.4596358025,31.0270518072,1.46388888889,0.203702520575,1.35240740741,0
64.8281368918,52.1284037944,1.43537037037,0.130106210407,1.40953703704,4.77958305556,14.6741947268,1.48805555556,0.0439089399093,1.46481481481,0
10.9911833696,7.79155910309,1.49333333333,0.200819644173,1.4437962963,3.2843306955,9.31571385807,1.26064814815,0.181434497535,1.38296296296,0
2.35521568627,8.31750326797,1.47851851852,0.256423599069,1.33833333333,39.9179019608,26.9651472449,1.50611111111,0.32403317557,1.43768518519,1
22.644033406,26.9879134635,1.44490740741,0.192435726182,1.46601851852,28.7378267974,31.5302614037,1.34759259259,0.2279788561,1.37092592593,2
38.0713017429,27.2469847018,1.58287037037,0.137284510967,1.4487962963,2.17963507625,3.96383757227,1.4337962963,0.0922657940069,1.4775,0
11.3589168482,10.5302455897,1.66333333333,0.371332508888,1.37055555556,2.41811192821,8.26485081227,1.33805555556,0.353879756286,1.50694444444,0
3.07037218591,5.67261420287,1.50481481481,0.164186215818,1.33833333333,28.3275642702,22.1828488367,1.50916666667,0.216219512028,1.43833333333,1
0.953677559913,2.97367915366,1.55277777778,0.0733280375197,1.31351851852,3.6005486565,3.30645516781,1.60759259259,0.0807928480153,1.37657407407,2
2.25785640596,5.98236127632,1.25768518519,0.267043647688,1.58648148148,2.25785640596,5.98236127632,1.25768518519,0.267043647688,1.58648148148,2
0.367890164325,2.34321757397,0.747962962963,0.0491341869856,0.769074074074,0.367890164325,2.34321757397,0.747962962963,0.0491341869856,0.769074074074,2
58.1082587307,48.2627561883,0.993668639053,0.162060745212,0.92899408284,3.45495618134,13.2548873773,0.780414201183,0.0864155088805,0.990118343195,0
55.9439092702,44.8235807294,0.952603550296,0.0762331917372,1.00964497041,2.86831647364,9.72188450552,0.757633136095,0.024750961163,0.933076923077,0
44.3781867966,31.9505905818,1.08402366864,0.0970490603169,0.922840236686,1.85281249947,3.62138385902,1.03893491124,0.0530832532292,0.935917159763,0
37.3987367444,27.9086506656,0.955562130178,0.136253360193,0.993609467456,3.40322074138,4.42587504351,0.992899408284,0.0939868887746,0.927455621302,0
20.0148581042,17.3324134016,0.863431952663,0.0803115932079,1.04798816568,11.2982088409,14.3762373216,0.89650887574,0.0829270603289,0.91100591716,2
19.9311321499,17.8016530499,0.972603550296,0.0968937441975,0.928106508876,13.1730558069,14.0854392156,0.897928994083,0.099896362773,0.983195266272,2
48.1327583246,34.1322795115,1.01065088757,0.177814992635,1.06355029586,3.14517367314,6.38379996695,0.90449704142,0.107209938416,0.944970414201,0
49.4232470124,37.1390250818,0.991360946746,0.355531531639,1.05130177515,2.50812735899,12.0707051589,0.953786982249,0.283830602223,0.977396449704,0
5.21618146727,12.277064642,0.916627218935,0.236578809902,0.900532544379,22.0299331709,23.5563283188,0.946863905325,0.31782585167,0.893609467456,1
3.71584986657,8.20189274816,1.02094674556,0.170869713526,0.920177514793,25.3784429748,28.1092312443,0.91224852071,0.241064462169,0.973846153846,1
56.1541185752,43.7101428811,0.963550295858,0.122564841362,0.911656804734,1.08953283942,8.48077059901,0.78124260355,0.0637904716139,0.959822485207,0
58.3275280195,47.365381865,0.993076923077,0.396511763769,0.939644970414,1.85847385916,11.9005763207,1.09142011834,0.292222374271,0.996272189349,0
1.61650575291,7.15309108043,0.694437869822,0.0865044173283,1.06171597633,10.3165279035,10.3399797936,0.92224852071,0.109249671819,0.872189349112,1
2.20482631396,4.64354917088,1.0401183432,0.142006438462,0.925325443787,22.5412026917,25.3583863443,0.985798816568,0.19343258237,0.989526627219,1
59.5263404107,44.4748947455,0.964023668639,0.0948470863471,0.886035502959,1.19839656573,2.03799659343,0.799526627219,0.031618644411,1.02526627219,0
52.0325086437,39.3594750024,0.977278106509,0.08590351718,0.942544378698,2.91199977697,12.101472668,0.912071005917,0.0322915250077,0.955562130178,0
2.27612669963,4.1856191386,0.981952662722,0.144673664313,0.96100591716,6.19264114166,4.71182910323,1.09331360947,0.153954871645,0.952426035503,1
8.19328065901,6.11766560658,1.10822485207,0.0668874706043,0.998639053254,4.50658962757,5.62805366833,0.966627218935,0.0655836892581,1.03863905325,1
24.357066481,12.8030020682,0.986923076923,0.0413740134942,0.976923076923,1.56284580578,1.67961450673,1.01213017751,0.0294143512296,0.971360946746,0
15.4165696717,9.46285660214,0.898047337278,0.175284954997,1.07272189349,5.71249054415,4.31537420935,0.948106508876,0.168049393091,1.02514792899,2
2.00872871467,6.70958822587,1.0150295858,0.143715965102,0.942189349112,22.9574057315,17.2244767372,1.01443786982,0.179080800587,0.995384615385,1
2.16185533777,3.40229300565,1.11218934911,0.0810606833301,0.945147928994,11.7842053603,9.08967986815,1.0025443787,0.0855677794385,1.01112426036,1
3.92553057199,6.08808451001,0.801893491124,0.0980503448966,1.04295857988,23.5647140039,15.8645308323,0.985443786982,0.128301359125,0.940355029586,1
14.3907230537,11.4663200348,1.03449704142,0.10298346847,1.00035502959,10.3952159183,7.33087147651,0.974792899408,0.0909997076452,0.975976331361,2
2.73116505484,6.19179541574,0.967455621302,0.292085454567,0.971183431953,11.0430349228,9.20282028973,1.06579881657,0.310211727866,0.90650887574,1
3.28896043625,6.34149615921,1.07431952663,0.12756282355,0.907278106509,10.635208957,9.15043341531,0.976390532544,0.141838418931,1.07218934911,1
30.8464206985,21.3011951396,1.00917159763,0.10662601289,1.06668639053,7.15493027033,6.87849145507,0.877218934911,0.0907732196942,0.981301775148,0
15.5541385312,10.3945294258,1.03396449704,0.243673914789,0.968165680473,1.35311606592,3.99738500416,0.93100591716,0.185360720538,0.926863905325,0
3.74200580114,1.69741290994,0.995207100592,0.00968447601283,0.963846153846,1.25079620606,4.75271389733,1.23733727811,0.00797768871733,0.79224852071,2
7.08590973431,4.2909626347,1.03112426036,0.119757204745,1.08059171598,5.23444274278,4.07051235642,0.988639053254,0.119083636833,0.991656804734,1
31.4969186681,23.7046722412,1.00928994083,0.285330366208,1.02893491124,1.39198352477,5.27498092128,0.977159763314,0.216669932097,0.94426035503,0
9.20438705186,8.60023798484,0.999763313609,0.0852975347935,1.04816568047,1.85516718602,4.53501620899,0.979230769231,0.0401360131588,0.959526627219,0
37.1958902425,24.6070122394,0.904792899408,0.118689244504,0.998047337278,2.64253966346,5.26047947912,1.01603550296,0.100644728127,1.0274556213,0
48.1766167769,33.9313845308,0.927218934911,0.136476053945,1.03550295858,2.95578860657,7.91763914947,1.06065088757,0.0941856243485,1.00627218935,0
20.1552354101,12.3392566097,1.05426035503,0.0483114189312,0.909585798817,1.34017536114,3.618832205,1.08786982249,0.0354425030127,0.975621301775,0
1.10387640636,2.23945176024,1.00733727811,0.00461388210638,0.860473372781,2.90527736686,3.23156543683,1.05846153846,0.00430533121882,1.40272189349,0
39.4987478826,31.6122833567,0.998047337278,0.183303901655,0.967455621302,7.04749344472,10.0100027983,0.92349112426,0.14765473106,0.99798816568,2
58.8821387632,46.2529917279,0.863905325444,0.160078133259,0.968106508876,6.58322148741,13.9950414149,0.988520710059,0.0912410412915,1.06869822485,2
32.2175489036,21.3540899841,1.09065088757,0.049990827894,1.02360946746,3.42958632092,4.89273317423,1.09171597633,0.0240912703882,0.932781065089,0
1.82522060322,6.20747254438,1.09213017751,0.00526994240211,0.947337278107,3.41115098498,6.68586520421,1.06455621302,0.00495092258156,1.35520710059,0
3.75779649611,13.4208331639,1.01118343195,0.192642078623,1.0399408284,34.245540782,21.5761060927,0.930473372781,0.236091469084,0.980591715976,1
28.598810999,28.0977870153,0.951775147929,0.139730394573,0.912958579882,15.8428177283,12.7968292988,1.05118343195,0.133653448334,1.01142011834,2
30.1409609003,19.5163521639,0.91674556213,0.051740348235,0.97325443787,1.69550991994,3.66745552636,1.04644970414,0.0298863267438,1.00520710059,0
0.882865065553,3.78169122588,0.885798816568,0.00176921832706,1.04473372781,0.750705498028,0.701579329812,0.972307692308,0.00150245465192,1.39662721893,2
2.47111567467,13.6950688231,1.0726035503,0.246219222973,0.919230769231,27.4324311405,19.2182646646,1.04786982249,0.286294837412,1.04041420118,1
9.59966956724,15.5640881496,0.991301775148,0.109456239743,0.991065088757,20.4483176703,15.0598591404,1.02088757396,0.125047152551,1.11029585799,1
25.3487147001,16.2451786076,0.968579881657,0.0465222644724,0.91650887574,2.5225898216,3.67637338273,0.974792899408,0.0276619487688,0.920828402367,0
2.43528038882,0.540578852362,0.837633136095,0.00220566276291,1.05201183432,2.06678775253,0.729379754861,1.1024852071,0.00192287198768,1.18615384615,0
5.01964520246,5.89348411577,0.891834319527,0.0448903151749,1.05124260355,2.38020443207,2.50377955679,0.983136094675,0.0393714923733,1.05964497041,0
10.2416960204,16.570862448,0.937100591716,0.0695372704864,1.01662721893,3.15949274858,4.15179405314,1.12420118343,0.0410322665502,1.01284023669,0
7.61391437522,13.0394918228,1.02390532544,0.206309579975,0.984556213018,1.59050423483,3.52097834364,0.679644970414,0.174661660691,0.845029585799,0
3.10537486947,6.26343396874,0.988934911243,0.27546402843,1.11609467456,1.87810994532,4.7606985755,0.919408284024,0.238482960061,1.12597633136,0
1.03025632175,5.23839229012,0.925621301775,0.0340033779358,1.12514792899,3.38171040724,2.97530883556,1.0349704142,0.0407275518049,0.992603550296,2
0.73264736139,7.1511981026,1.00414201183,0.175872097547,1.00201183432,5.32550319063,6.39609728859,1.00437869822,0.20808487339,0.963550295858,1
2.73997053022,5.03597563099,1.0875147929,0.134917367704,1.01201183432,16.6189309665,15.6083978569,0.939230769231,0.198177558208,0.978520710059,1
5.76995985613,5.42205402619,0.949053254438,0.28205661712,0.964201183432,6.26204455273,5.56674588481,1.05278106509,0.275958966983,0.831360946746,2
0.8113209189,4.88067936714,0.968165680473,0.0700229785722,1.24207100592,3.96375681634,3.99127915015,0.964082840237,0.0806488757405,1.03964497041,1
2.13778681744,17.0219165247,1.3626035503,0.0540847511397,1.0798816568,3.23389650772,7.50970143585,1.00289940828,0.0844940168513,0.998934911243,1
0.864230118617,1.95032463615,1.23940828402,0.0686217220219,0.984733727811,9.91224944889,7.27831419284,0.908698224852,0.0948441851126,0.970414201183,1
2.13831001276,1.5349851867,0.980946745562,0.309205720966,1.06538461538,7.42179023089,3.07246869553,1.26686390533,0.345284659886,1.1198816568,2
1.68699158499,3.33095988405,1.16964497041,0.00849368468817,1.0101183432,2.89706374077,4.44241979423,0.92349112426,0.00623669414638,1.0274556213,1
6.54560993155,9.17880099299,0.925029585799,0.0500508194501,1.07615384615,2.05558579882,2.79552584865,0.863431952663,0.037276505239,0.974615384615,2
4.8101979348,6.84841373913,1.0524852071,0.0937955038503,0.941479289941,1.00084023669,1.23235827822,1.02183431953,0.0775714682176,0.938520710059,0
1.30507970762,1.53400987049,1.06455621302,0.110862793349,0.900532544379,2.26189196561,1.67465293005,1.11698224852,0.0972576334491,1.22307692308,0
3.06408237615,2.95580067293,1.01514792899,0.0292304416645,0.976568047337,1.55051829534,4.25064972735,0.706923076923,0.0265438439176,0.923786982249,0
4.79586077271,5.9215302952,1.00426035503,0.0217537210368,0.966923076923,4.04587562362,5.37703188675,0.953313609467,0.0260493827239,0.930236686391,0
8.52395498318,7.82749380568,0.960591715976,0.0324119848504,0.911360946746,1.60377295228,3.8952672169,0.852426035503,0.0148105628634,0.941775147929,0
2.96317786286,7.40949006539,0.930236686391,0.00728733720352,0.959053254438,2.95106679957,9.1547707815,1.09,0.00464871208784,1.26633136095,0
2.21281540782,4.98315251344,0.844733727811,0.0361728469297,1.06307692308,19.3173695324,16.4452537079,0.995917159763,0.0876768398576,0.957278106509,2
3.04308922149,6.08256388507,1.11668639053,0.146096381575,0.990591715976,13.9415384615,15.9113378334,1.03585798817,0.169941044075,0.919644970414,2
3.3130295858,9.11997626803,0.850473372781,0.161033754569,0.946449704142,6.42576702634,8.68212534663,0.883846153846,0.191635533023,1.04514792899,2
3.75023250957,8.52466850788,0.994082840237,0.0103737777741,1.10846153846,4.18436944757,9.65028736121,1.08650887574,0.00712561408976,1.11088757396,0
3.09188658104,9.19461765622,0.867278106509,0.0424503218194,0.98,23.3312479406,27.4689994199,1.02627218935,0.109650007757,1.00295857988,1
1.67124747651,5.39195916,1.0724852071,0.152198776502,1.02201183432,16.3852258963,20.021440999,0.980177514793,0.183391132402,0.924674556213,1
2.54540380161,7.53755717628,0.993136094675,0.128098333947,0.992958579882,11.2472669683,13.8539264708,1.03396449704,0.1649208616,0.928579881657,2
3.19440607959,3.21227288549,1.03579881657,0.0129615921283,1.01686390533,2.24562932266,8.71695575039,1.34106508876,0.00990186858005,1.37041420118,0
2.6812913331,4.14892197511,0.962544378698,0.0238312184507,0.982485207101,12.4690404919,15.1734777669,1.03686390533,0.0471746720817,0.998579881657,2
1.81985984453,7.41424415289,0.944792899408,0.115133174662,0.947396449704,14.1864849751,17.1523877969,0.996863905325,0.141397907122,0.936153846154,2
2.97878849054,6.95357718311,0.970236686391,0.0675608845784,1.04633136095,5.96792481726,6.65939378262,0.839881656805,0.0764726391724,0.935562130178,2
2.86686367328,7.33291639083,1.00869822485,0.0113011695675,0.976863905325,2.72188482307,8.89766323606,1.18431952663,0.00872157221386,1.12313609467,0
16.1690022044,13.5585189117,0.995562130178,0.0421117593132,0.873313609467,4.18270414201,7.34054070984,0.960473372781,0.0283801930128,0.881597633136,0
34.8083371621,27.6563867912,0.950236686391,0.0437133658438,0.98775147929,2.99462362984,15.0321885066,0.974733727811,0.0168437366641,1.07360946746,0
11.0023789303,9.57774541064,1.09076923077,0.118991049252,0.93349112426,1.88925175083,3.31559956957,0.908106508876,0.102657035631,0.897396449704,0
0.478480214497,1.49546054625,1.16928994083,0.0134169978176,0.832840236686,1.51690078513,3.45068754538,0.909230769231,0.0131733004929,1.17426035503,0
7.31647987005,9.76112060161,1.04153846154,0.0710884992963,1.04479289941,7.34498851375,7.7734295204,1.03775147929,0.071671901457,0.979053254438,0
27.2126200255,25.6666799927,1.05810650888,0.069608515418,0.89573964497,6.21491797192,7.68276561686,0.999112426036,0.0562744003287,0.969704142012,0
13.5018403527,13.8558988823,0.984792899408,0.107219761382,0.957159763314,3.61319433809,6.11640321023,1.10633136095,0.0950581798857,1.0150887574,0
1.36972787134,1.27255028719,1.12443786982,0.0153394949757,1.03721893491,0.401414317206,0.670689001044,0.772899408284,0.0162789234898,1.04585798817,1
1.28168395405,3.30619556241,0.985207100592,0.0234789265736,0.909881656805,13.0620041768,8.82613480139,0.976272189349,0.0332620251721,0.927041420118,1
5.14659148393,7.11772081364,0.995384615385,0.167457267042,1.0449704142,16.3011920176,11.0958203719,1.03609467456,0.182792888904,0.950177514793,1
1.69256178211,6.4413237135,0.87124260355,0.113236259623,0.953609467456,19.8477247941,15.0759523715,1.00278106509,0.131844899001,1.04136094675,1
4.77605040967,8.24808040036,0.967337278107,0.1303910762,0.983195266272,16.4689929226,14.1449123598,1.05201183432,0.147179530961,1.00195266272,1
2.33699010078,3.24902067517,1.01698224852,0.017125018904,0.98798816568,5.38901450284,4.67389917539,1.1475739645,0.0220024086495,0.946213017751,1
2.26326961892,5.39957557492,0.84798816568,0.18003932214,1.03289940828,4.51644807982,4.60575929251,0.957928994083,0.184169183347,1.05881656805,1
2.47387294296,7.66621921885,1.12284023669,0.101374651124,0.877455621302,12.7829096183,10.7929569098,1.11076923077,0.112997285966,0.928639053254,1
1.66650433988,3.88112846981,0.827218934911,0.0706878634466,0.963195266272,8.39024736048,5.79302837851,1.01715976331,0.0773276356491,0.968165680473,1
8.60942406312,9.70261471378,0.953313609467,0.046400854872,0.997455621302,1.91898102491,9.60734813679,1.08573964497,0.0286630817542,1.06402366864,0
2.9325571412,3.63631117299,1.00207100592,0.0994967209888,0.937337278107,1.60987446411,9.74726116836,1.31153846154,0.0902914867226,1.02153846154,0
2.56925318019,3.98033218054,0.915976331361,0.0842393851888,1.02349112426,5.84424235904,14.2035389758,1.10970414201,0.0685868603079,1.1225443787,0
1.0469304142,2.96081549291,0.94224852071,0.0815110898888,1.16319526627,4.38647742569,21.5453662574,1.30934911243,0.078796858664,1.30307692308,0
16.208550876,10.079995127,0.943609467456,0.0423767750435,1.05538461538,2.98090132521,8.97863147211,0.941775147929,0.0307661877161,0.878639053254,0
5.42836106277,5.71042000232,0.920946745562,0.0648105535933,1.16532544379,1.46731801833,2.77417494484,1.16727810651,0.0539163209077,1.01810650888,0
3.03318668059,7.17194688349,0.952603550296,0.0953951277616,0.929171597633,2.01246316278,3.49034481958,1.16798816568,0.0849238802884,0.98201183432,0
6.75438542754,6.5716776779,1.03171597633,0.127174254833,1.04822485207,0.784720167653,2.90804601093,1.02846153846,0.110281058024,0.983313609467,0
26.2866615617,16.5299685287,0.944970414201,0.0374837502922,0.927573964497,0.72019289743,1.54265939819,0.964201183432,0.031583423267,1.01071005917,0
3.05542800789,4.99028255623,0.923905325444,0.0837454051061,1.06680473373,12.0970504699,9.54062805048,0.956923076923,0.0981950602303,1.04301775148,1
2.29140412327,6.10962699849,0.907041420118,0.143690922706,0.956923076923,23.1718069382,15.3461843974,0.918816568047,0.18974023598,0.883195266272,1
1.43204084,3.56015141241,1.1175147929,0.132842227543,1.0675147929,19.7108701706,15.3589741949,1.00165680473,0.14841821622,0.975384615385,1
6.2924107205,6.3148527548,0.983431952663,0.0399601437546,0.93573964497,3.02211857524,3.5330500787,0.923846153846,0.0418471852447,0.99650887574,2
2.6619501022,9.20318494168,0.911301775148,0.150782018778,0.996035502959,19.9531282051,14.9954615703,1.03976331361,0.18978470941,0.994082840237,1
2.51538905759,5.66430218323,0.931124260355,0.15007595674,1.00378698225,22.3552289129,16.4761742398,1.03130177515,0.197502830359,1.02266272189,1
2.34381026533,12.7884107912,0.785917159763,0.0946234133159,0.898343195266,19.5091750783,17.4527899006,0.958875739645,0.135706954771,0.934082840237,1
